Corelation Matrix : 
 [[ 1.          0.27220415  0.02989934 -0.03451333  0.46590771]
 [ 0.27220415  1.         -0.12160131 -0.07715498  0.11290395]
 [ 0.02989934 -0.12160131  1.         -0.22275703 -0.08096516]
 [-0.03451333 -0.07715498 -0.22275703  1.          0.15770467]
 [ 0.46590771  0.11290395 -0.08096516  0.15770467  1.        ]]


Coefficient of determination : [[  1.00000000e+00   7.40950985e-02   8.93970570e-04   1.19116998e-03
    2.17069995e-01]
 [  7.40950985e-02   1.00000000e+00   1.47868788e-02   5.95289085e-03
    1.27473025e-02]
 [  8.93970570e-04   1.47868788e-02   1.00000000e+00   4.96206923e-02
    6.55535732e-03]
 [  1.19116998e-03   5.95289085e-03   4.96206923e-02   1.00000000e+00
    2.48707631e-02]
 [  2.17069995e-01   1.27473025e-02   6.55535732e-03   2.48707631e-02
    1.00000000e+00]]
